919347562
1498109719
641553654
1147736920
335086893
735122138
251652091
137861449
984780855
799013517
1596351823
775681082
1248302951
172838870
947869167
731761542
1534978865
845551561
302583517
1176371064
1043884276
1584673105
942027233
1105953298
1012496858
924640296
1939600981
1015897253
976357576
996444634
1156630855
987385243
906103378
935769546
840211103
961285520
297331835
1580496834
1176073789
1018474779
819534112
1273124248
294559500
1163451848
483533383
1160246262
2392218083
921851152
1967019496
1594346945
806001257
944071557
332550919
1541817006
578601576
1162828839
1941803603
1090580803
1076438641
1204493155
1228175948
1064279643
312247572
1144241522
1175861345
964630642
2466628390
2295015652
760018330
604344181
1151374854
651232828
1092764059
171438181
1016276630
815045937
414568464
1162989894
546595623
576728297
794311730
1952542366
1002924101
1078359052
1327271925
894609937
947075532
1030494004
237397323
1253406804
1060907970
1457358232
2434807917
1002230232
823104717
374466463
809670806
1060778528
