1508221669
604504245
1060196965
1601441611
2350328140
1453402431
977623807
522905028
847100639
2209247401
807969211
3063410855
1452107229
1651253626
875988475
1054940203
1219048009
1639117082
1908862509
794356754
1361003647
737505742
1023963240
1607133234
1489663471
1574554707
583251390
528612192
710767732
1006673598
1432975409
1303398513
1714406958
1753730948
1156360746
1570467359
924838615
1498814829
1378938042
1098185947
798111837
526641600
960899144
407896033
1349267018
1172363332
731278130
892103955
1535489471
1845783751
1440149307
1660091785
909383291
987112941
1245258467
2276727506
1534148698
2235091219
1344160323
2998835191
726174530
493140515
1782119330
970635431
2072353307
1464176557
1826037614
1404157180
2276893289
3196298514
1392502303
1964838192
1577376453
2531220206
1203705786
943006948
719833252
760119107
785924202
934367932
2634934682
574010368
2359598179
954363134
2495018426
446420070
2365222890
977898752
