0 Unknown 51 [604504245 572217301 1498109719 977623807 847100639 1016842269 3063410855 1452107229 799013517 1596351823 775681082 1248302951 540285480 1607133234 583251390 528612192 1176073789 1432975409 1273124248 2669722718 2392218083 923377817 798111837 526641600 1535489471 1845783751 909383291 332550919 1249090769 1162828839 1534148698 1344160323 790172371 903819923 726174530 760018330 1092764059 870332561 2072353307 414568464 2276893289 69793559 3196298514 1964838192 2634934682 809486968 1002924101 944256491 237397323 1060907970 1457358232]
1 苏州 20 [2209247401 807969211 947869167 731761542 1176371064 1012496858 1006673598 935769546 294559500 1303398513 1498814829 731278130 806001257 2276727506 1076438641 2295015652 604344181 546595623 894609937 2495018426]
2 淮安 18 [1060196965 735122138 984780855 710767732 819534112 921851152 1349267018 1172363332 987112941 2998835191 1228175948 1064279643 1144241522 1016276630 719833252 1952542366 574010368 1002230232]
3 盐城 12 [1651253626 1639117082 794356754 1361003647 737505742 996444634 906103378 1018474779 970635431 815045937 1392502303 809670806]
4 南京 10 [1601441611 1054940203 1534978865 1939600981 1570467359 964630642 1151374854 407750567 1253406804 823104717]
5 徐州 7 [924640296 1574554707 1753730948 1156360746 171438181 2531220206 934367932]
6 南通 5 [641553654 522905028 1219048009 924838615 1203705786]
7 无锡 4 [1580496834 944071557 2235091219 760119107]
8 常州 3 [1163451848 1160246262 1175861345]
9 合肥 3 [961285520 312247572 2359598179]
10 扬州 3 [892103955 1594346945 578601576]
11 六安 3 [1577376453 943006948 374466463]
12 汕尾 2 [1908862509 1378938042]
13 长沙 2 [407896033 2365222890]
14 墨尔本 2 [1105953298 1156630855]
15 郑州 2 [942027233 1060778528]
16 泰州 2 [1015897253 976357576]
17 哈尔滨 2 [840211103 947075532]
18 乐山 2 [251652091 977898752]
19 嘉兴 1 [1327271925]
20 南昌 1 [1967019496]
21 秦皇岛 1 [1098185947]
22 镇江 1 [651232828]
23 房山 1 [1660091785]
24 巴林戈 1 [335086893]
25 朝阳 1 [2434807917]
26 耶路撒冷 1 [1147736920]
27 洛阳 1 [1584673105]
28 湛江 1 [1162989894]
29 随州 1 [1453402431]
30 宿迁 1 [1245258467]
31 卡洛 1 [2466628390]
32 高雄市 1 [954363134]
33 乌鲁木齐 1 [1023963240]
34 北辰 1 [960899144]
35 杭州 1 [919347562]
36 三门峡 1 [1508221669]
37 南充 1 [1090580803]
38 滁州 1 [1204493155]
39 丽江 1 [1541817006]
40 毕节 1 [1782119330]
41 维也纳 1 [1489663471]
42 贺州 1 [1714406958]
43 广安 1 [302583517]
44 考卡山谷 1 [1464176557]
45 宝山 1 [987385243]
46 开县 1 [1404157180]
47 东莞 1 [2350328140]
48 广州 1 [483533383]
49 闵行 1 [794311730]
50 哥本哈根 1 [1030494004]
51 遂宁 1 [297331835]
52 圣何塞 1 [875988475]
53 济南 1 [1826037614]
54 南戈壁 1 [172838870]
55 伦敦 1 [493140515]
56 海淀 1 [576728297]
57 杨浦 1 [137861449]
58 荆州 1 [1043884276]
59 曼彻斯特 1 [1078359052]
60 连云港 1 [446420070]
61 黔东南 1 [1440149307]
62 东城 1 [1941803603]
63 长春 1 [785924202]
64 温州 1 [845551561]
