0 中国 143 [919347562 1508221669 1060196965 1601441611 2350328140 641553654 1453402431 522905028 847100639 2209247401 735122138 251652091 807969211 137861449 1651253626 984780855 1054940203 1219048009 1639117082 1908862509 794356754 1361003647 737505742 947869167 1023963240 731761542 1534978865 845551561 302583517 1176371064 1043884276 1584673105 942027233 1012496858 924640296 1939600981 1574554707 1015897253 976357576 996444634 710767732 987385243 906103378 1006673598 935769546 840211103 961285520 297331835 1580496834 1018474779 819534112 294559500 1163451848 1303398513 1714406958 483533383 1753730948 1156360746 1570467359 1160246262 2392218083 924838615 1498814829 1378938042 1098185947 960899144 407896033 921851152 1349267018 1967019496 1172363332 731278130 892103955 1535489471 1594346945 806001257 1440149307 944071557 1660091785 909383291 987112941 1245258467 1541817006 2276727506 578601576 1534148698 2235091219 1941803603 1090580803 1076438641 2998835191 1204493155 1228175948 1064279643 312247572 1144241522 1175861345 964630642 2295015652 1782119330 604344181 1151374854 651232828 970635431 171438181 1016276630 815045937 1826037614 1404157180 1162989894 1392502303 546595623 1964838192 576728297 1577376453 2531220206 1203705786 943006948 719833252 760119107 794311730 785924202 934367932 1952542366 574010368 2359598179 954363134 407750567 1327271925 894609937 947075532 1253406804 1060907970 2434807917 1002230232 823104717 2495018426 446420070 374466463 809670806 2365222890 1060778528 977898752]
1 Unknown 31 [572217301 1498109719 977623807 1016842269 1452107229 775681082 1248302951 540285480 583251390 528612192 1432975409 2669722718 923377817 798111837 1845783751 332550919 1249090769 1162828839 1344160323 790172371 903819923 870332561 2072353307 2276893289 69793559 3196298514 2634934682 809486968 1002924101 944256491 1457358232]
2 冰岛 4 [1607133234 526641600 1092764059 237397323]
3 澳大利亚 2 [1105953298 1156630855]
4 英国 2 [493140515 1078359052]
5 哥斯达黎加 1 [875988475]
6 哥伦比亚 1 [1464176557]
7 百慕大 1 [604504245]
8 爱尔兰 1 [2466628390]
9 梵蒂冈 1 [1176073789]
10 立陶宛 1 [3063410855]
11 阿鲁巴 1 [414568464]
12 以色列 1 [1147736920]
13 亚美尼亚 1 [799013517]
14 阿根廷 1 [726174530]
15 波斯尼亚和黑塞哥维那 1 [1273124248]
16 蒙古 1 [172838870]
17 奥地利 1 [1489663471]
18 丹麦 1 [1030494004]
19 中非共和国 1 [760018330]
20 肯尼亚 1 [335086893]
21 维尔京群岛，英属 1 [1596351823]
