0 Unknown 92 [919347562 1508221669 604504245 1060196965 572217301 1498109719 2350328140 1147736920 1453402431 977623807 522905028 847100639 2209247401 1016842269 3063410855 1452107229 875988475 799013517 1908862509 794356754 1361003647 1596351823 737505742 775681082 1023963240 540285480 302583517 1607133234 924640296 1156630855 528612192 1006673598 297331835 1176073789 1273124248 1714406958 1156360746 2669722718 2392218083 924838615 923377817 1098185947 798111837 526641600 1967019496 731278130 892103955 1535489471 1845783751 1440149307 944071557 909383291 332550919 1541817006 2276727506 578601576 1249090769 1162828839 1534148698 1344160323 2998835191 903819923 1064279643 1144241522 726174530 1175861345 1151374854 1092764059 870332561 171438181 2072353307 1464176557 2276893289 1162989894 69793559 943006948 719833252 794311730 785924202 2634934682 1952542366 1002924101 574010368 944256491 407750567 1327271925 1030494004 1060907970 1457358232 2495018426 374466463 2365222890]
1 淮安 23 [1601441611 735122138 984780855 1248302951 172838870 845551561 710767732 987385243 840211103 819534112 1570467359 1498814829 921851152 1349267018 1172363332 987112941 790172371 1228175948 964630642 1016276630 2359598179 1002230232 823104717]
2 盐城 15 [807969211 137861449 1651253626 1054940203 1219048009 731761542 1012496858 1939600981 996444634 906103378 1018474779 970635431 815045937 1392502303 809670806]
3 泰州 6 [1015897253 976357576 1163451848 2295015652 546595623 1203705786]
4 徐州 5 [1574554707 651232828 2531220206 760119107 934367932]
5 南通 4 [641553654 1432975409 1076438641 1253406804]
6 扬州 3 [935769546 1594346945 1245258467]
7 宿迁 3 [1534978865 1303398513 2235091219]
8 苏州 3 [1176371064 294559500 806001257]
9 乐山 3 [251652091 576728297 977898752]
10 常州 2 [1160246262 604344181]
11 维也纳 2 [1489663471 1105953298]
12 巢湖 1 [961285520]
13 神奈川 1 [237397323]
14 安道尔城 1 [2466628390]
15 白银 1 [960899144]
16 迪拜 1 [583251390]
17 房山 1 [1660091785]
18 宜春 1 [483533383]
19 临汾 1 [414568464]
20 无锡 1 [1580496834]
21 洛阳 1 [1584673105]
22 玉溪 1 [809486968]
23 利特里姆 1 [1753730948]
24 马鞍山 1 [1639117082]
25 朝阳 1 [2434807917]
26 驻马店 1 [947869167]
27 台北市 1 [954363134]
28 格罗德诺 1 [760018330]
29 南充 1 [1090580803]
30 绵阳 1 [493140515]
31 滁州 1 [1204493155]
32 毕节 1 [1782119330]
33 周口 1 [942027233]
34 郑州 1 [1060778528]
35 齐齐哈尔 1 [3196298514]
36 开县 1 [1404157180]
37 哈尔滨 1 [947075532]
38 阜阳 1 [1378938042]
39 聊城 1 [1826037614]
40 六安 1 [1577376453]
41 慕尼黑 1 [1078359052]
42 荆州 1 [1043884276]
43 连云港 1 [446420070]
44 巴中 1 [1941803603]
45 亚历山大 1 [335086893]
46 南京 1 [1964838192]
47 宿州 1 [312247572]
48 龙岩 1 [894609937]
49 林堡 1 [407896033]
