0 中国 114 [1601441611 641553654 847100639 735122138 251652091 807969211 3063410855 137861449 1651253626 984780855 1054940203 1219048009 1639117082 1248302951 172838870 947869167 1023963240 731761542 1534978865 845551561 1176371064 1043884276 1584673105 942027233 1012496858 1939600981 1574554707 1015897253 976357576 996444634 710767732 987385243 906103378 935769546 840211103 961285520 1580496834 1432975409 1018474779 819534112 294559500 1163451848 1303398513 1714406958 483533383 1570467359 1160246262 1498814829 1378938042 1098185947 960899144 921851152 1349267018 1172363332 1594346945 806001257 1440149307 1660091785 987112941 1245258467 1534148698 2235091219 1941803603 1090580803 1344160323 1076438641 790172371 1204493155 1228175948 312247572 1175861345 964630642 493140515 2295015652 1782119330 604344181 1151374854 651232828 970635431 2072353307 1016276630 815045937 1464176557 1826037614 1404157180 414568464 3196298514 1392502303 546595623 1964838192 576728297 1577376453 2531220206 1203705786 760119107 785924202 934367932 809486968 574010368 2359598179 954363134 894609937 947075532 1030494004 1253406804 1060907970 2434807917 1002230232 823104717 2495018426 446420070 809670806 1060778528 977898752]
1 Unknown 67 [919347562 1508221669 1060196965 572217301 1498109719 2350328140 1147736920 1453402431 977623807 522905028 2209247401 1016842269 1452107229 799013517 1908862509 794356754 1361003647 737505742 775681082 540285480 302583517 924640296 1156630855 528612192 1006673598 297331835 1176073789 1156360746 2669722718 2392218083 924838615 923377817 798111837 526641600 1967019496 731278130 892103955 1535489471 1845783751 944071557 909383291 332550919 1541817006 2276727506 578601576 1249090769 1162828839 903819923 1064279643 1144241522 1092764059 870332561 171438181 2276893289 1162989894 69793559 719833252 794311730 2634934682 1952542366 1002924101 944256491 407750567 1327271925 1457358232 374466463 2365222890]
2 奥地利 3 [1489663471 1105953298 726174530]
3 冰岛 2 [604504245 1607133234]
4 德国 2 [1596351823 1078359052]
5 利比亚 1 [943006948]
6 日本 1 [237397323]
7 爱尔兰 1 [1753730948]
8 斯瓦尔巴和扬马廷 1 [1273124248]
9 阿拉伯联合酋长国 1 [583251390]
10 白俄罗斯 1 [760018330]
11 比利时 1 [407896033]
12 韩国 1 [875988475]
13 安道尔 1 [2466628390]
14 卢森堡 1 [2998835191]
15 埃及 1 [335086893]
