0 Unknown 93 [919347562 1508221669 604504245 1060196965 572217301 1498109719 2350328140 1147736920 335086893 1453402431 977623807 522905028 2209247401 1016842269 3063410855 1452107229 799013517 1908862509 794356754 1361003647 1596351823 737505742 775681082 540285480 302583517 1607133234 1489663471 1105953298 924640296 583251390 1156630855 528612192 1006673598 297331835 1176073789 1273124248 1714406958 1753730948 1156360746 2669722718 2392218083 924838615 923377817 1098185947 798111837 526641600 407896033 1967019496 731278130 892103955 1535489471 1845783751 1440149307 944071557 909383291 332550919 1541817006 2276727506 578601576 1249090769 1162828839 1534148698 2998835191 903819923 1064279643 1144241522 726174530 2466628390 760018330 1092764059 870332561 171438181 2276893289 1162989894 69793559 943006948 719833252 794311730 785924202 2634934682 1952542366 1002924101 574010368 944256491 407750567 1078359052 1327271925 237397323 1060907970 1457358232 2495018426 374466463 2365222890]
1 江苏 71 [1601441611 641553654 735122138 807969211 137861449 1651253626 984780855 1054940203 1219048009 1248302951 172838870 731761542 1534978865 845551561 1176371064 1012496858 1939600981 1574554707 1015897253 976357576 996444634 710767732 987385243 906103378 935769546 840211103 1580496834 1432975409 1018474779 819534112 294559500 1163451848 1303398513 1570467359 1160246262 1498814829 921851152 1349267018 1172363332 1594346945 806001257 987112941 1245258467 2235091219 1076438641 790172371 1228175948 1175861345 964630642 2295015652 604344181 1151374854 651232828 970635431 1016276630 815045937 1464176557 1392502303 546595623 1964838192 2531220206 1203705786 760119107 934367932 2359598179 1030494004 1253406804 1002230232 823104717 446420070 809670806]
2 四川 8 [847100639 251652091 1941803603 1090580803 493140515 2072353307 576728297 977898752]
3 安徽 6 [1639117082 961285520 1378938042 1204493155 312247572 1577376453]
4 河南 4 [947869167 1584673105 942027233 1060778528]
5 黑龙江 2 [3196298514 947075532]
6 北京 2 [1660091785 2434807917]
7 甘肃 2 [1023963240 960899144]
8 山东 2 [1344160323 1826037614]
9 山西 1 [414568464]
10 贵州 1 [1782119330]
11 江西 1 [483533383]
12 重庆 1 [1404157180]
13 首尔 1 [875988475]
14 湖北 1 [1043884276]
15 台湾 1 [954363134]
16 福建 1 [894609937]
17 云南 1 [809486968]
