0 江苏 88 [1060196965 1601441611 641553654 522905028 2209247401 735122138 807969211 1651253626 984780855 1054940203 1219048009 1639117082 794356754 1361003647 737505742 947869167 731761542 1534978865 1176371064 1012496858 924640296 1939600981 1574554707 1015897253 976357576 996444634 710767732 906103378 1006673598 935769546 1580496834 1018474779 819534112 294559500 1163451848 1303398513 1753730948 1156360746 1570467359 1160246262 924838615 1498814829 921851152 1349267018 1172363332 731278130 892103955 1594346945 806001257 944071557 987112941 1245258467 2276727506 578601576 2235091219 1076438641 2998835191 1228175948 1064279643 1144241522 1175861345 964630642 2295015652 604344181 1151374854 651232828 970635431 171438181 1016276630 815045937 1392502303 546595623 1964838192 2531220206 1203705786 719833252 760119107 934367932 1952542366 574010368 407750567 894609937 1253406804 1002230232 823104717 2495018426 446420070 809670806]
1 Unknown 56 [604504245 572217301 1498109719 1147736920 335086893 977623807 847100639 1016842269 3063410855 1452107229 875988475 799013517 1596351823 775681082 1248302951 172838870 540285480 1607133234 1489663471 583251390 528612192 1176073789 1432975409 1273124248 2669722718 2392218083 923377817 798111837 526641600 1845783751 332550919 1249090769 1162828839 1534148698 1344160323 790172371 903819923 726174530 2466628390 760018330 1092764059 870332561 2072353307 1464176557 414568464 2276893289 69793559 3196298514 2634934682 809486968 1002924101 944256491 1030494004 237397323 1060907970 1457358232]
2 安徽 7 [961285520 1204493155 312247572 1577376453 943006948 2359598179 374466463]
3 四川 6 [251652091 302583517 297331835 1535489471 1090580803 977898752]
4 北京 5 [1660091785 909383291 1941803603 576728297 2434807917]
5 广东 5 [2350328140 1908862509 483533383 1378938042 1162989894]
6 河南 4 [1508221669 1584673105 942027233 1060778528]
7 上海 3 [137861449 987385243 794311730]
8 浙江 3 [919347562 845551561 1327271925]
9 贵州 2 [1440149307 1782119330]
10 英格兰 2 [493140515 1078359052]
11 湖南 2 [407896033 2365222890]
12 黑龙江 2 [840211103 947075532]
13 湖北 2 [1453402431 1043884276]
14 维多利亚 2 [1105953298 1156630855]
15 广西 1 [1714406958]
16 云南 1 [1541817006]
17 山东 1 [1826037614]
18 江西 1 [1967019496]
19 台湾 1 [954363134]
20 河北 1 [1098185947]
21 吉林 1 [785924202]
22 天津 1 [960899144]
23 新疆 1 [1023963240]
24 重庆 1 [1404157180]
