136353508
422182830
2316123894
1067728773
790276291
1543440109
1935236834
917682258
969146034
282056499
4780090
1297309057
1578131526
1076143068
375310830
422182830
2316123894
282056499
1067728773
790276291
335086893
1543440109
779049687
1935236834
917682258
895282869
1227500227
1144241522
4780090
574010368
1076143068
375310830
422182830
2316123894
282056499
1067728773
790276291
335086893
1543440109
779049687
1935236834
917682258
895282869
1227500227
1144241522
4780090
574010368
1076143068
375310830
422182830
2316123894
282056499
1067728773
790276291
335086893
1543440109
779049687
1935236834
917682258
895282869
1227500227
1144241522
4780090
574010368
1076143068
375310830
