919347562
1508221669
604504245
1060196965
572217301
1601441611
2350328140
641553654
1098185947
1453402431
172838870
522905028
847100639
2209247401
422182830
1016842269
903819923
2316123894
251652091
807969211
3063410855
137861449
1452107229
875988475
1596351823
1054940203
799013517
1219048009
282056499
1639117082
977623807
1067728773
794356754
1018474779
1361003647
984780855
737505742
775681082
1248302951
540285480
947869167
996444634
731761542
790276291
935769546
1534978865
785924202
845551561
302583517
407750567
1607133234
1489663471
1043884276
1584673105
942027233
1105953298
335086893
924640296
1939600981
1574554707
815045937
1660091785
1151374854
1015897253
1543440109
976357576
1023963240
1156630855
528612192
710767732
987385243
906103378
779049687
1006673598
840211103
961285520
297331835
1580496834
1176073789
1432975409
1273124248
1967019496
1935236834
294559500
1163451848
1303398513
909383291
483533383
1753730948
2669722718
1570467359
1160246262
2392218083
924838615
1498814829
917682258
1378938042
923377817
1147736920
798111837
960899144
407896033
921851152
892103955
1172363332
731278130
1535489471
1594346945
1845783751
1440149307
895282869
1349267018
1714406958
987112941
332550919
1227500227
1245258467
1541817006
2276727506
1249090769
1162828839
1534148698
894609937
3196298514
1344160323
1076438641
2998835191
790172371
735122138
1204493155
1228175948
1064279643
312247572
1144241522
726174530
1175861345
964630642
493140515
2466628390
2295015652
1782119330
760018330
604344181
583251390
651232828
1092764059
870332561
970635431
2235091219
4780090
171438181
2072353307
1016276630
2434807917
1464176557
1826037614
1404157180
414568464
2276893289
1002230232
69793559
947075532
1392502303
546595623
1964838192
576728297
1577376453
2531220206
1203705786
719833252
760119107
794311730
806001257
934367932
2634934682
1952542366
809486968
1002924101
574010368
2359598179
954363134
1076143068
1078359052
1327271925
375310830
1030494004
237397323
1253406804
1060907970
1457358232
944071557
526641600
823104717
2495018426
446420070
374466463
819534112
2365222890
1060778528
809670806